name: jobb
latitude: 59.332044
longitude: 18.058881
radius: 125
icon: mdi:worker