name: home
latitude: 59.245452
longitude: 18.093857
radius: 125
icon: mdi:home