name: jobb
latitude: 59.307914
longitude: 18.1372328
radius: 125
icon: mdi:worker