name: susann
latitude: 59.2976142
longitude: 18.0499176
radius: 125
icon: mdi:human-female